0.82 0.88
9000 12000
1.0 3.0
-1.0 1.0
-1.0 1.0
-1.0 1.0
-1.0 1.0
-1.0 1.0
-1.0 1.0
-1.0 1.0
-0.079877688247757 0.097131543552129
-0.141003202020482 0.126779798206006
-0.070659677298226 0.084188962536612
-0.048810163404381 0.039567456822049
-0.020854752865078 0.072840023653286
-0.051443782203955 0.037479642265092
-0.028816453956498 0.032281521347080
-0.032076198745850 0.032654740735195
-0.045231943246703 0.036782280145273
-0.030324134357574 0.031976381376935
-0.033123345406164 0.029022083631357
-0.027662726967567 0.026954858322257
-0.022213491117941 0.022109745376979
-0.021966759845104 0.024366366783700
-0.032314184912888 0.032113917384091
-0.028076289955946 0.024005101554238
-0.022659858353693 0.019083738691055
-0.021922082334072 0.019254091769219
-0.022468039737662 0.019329493638018
-0.019802142006878 0.020693866023885
-0.019389806516840 0.020341580113659
-0.022199238055908 0.019925924950942
-0.025294238077826 0.019441148524059
-0.020252392104314 0.015443591960739
-0.017562275399522 0.016662590222494
-0.017067057224537 0.016364555932052
-0.016936096255543 0.016569298610878
-0.017979188827630 0.014943370497132
-0.015492266564260 0.014477166739660
-0.012377039014123 0.013930059550285
-0.021132107502115 0.011510201361814
-0.015383116307155 0.014215843209467
-0.015032780927048 0.012495037062964
-0.011540305995224 0.011102994589496
-0.013424295053668 0.011861588998067
-0.010356117666215 0.010980793828499
-0.009760402585005 0.010125123595699
-0.014255343172275 0.011151729420482
-0.007997618520268 0.010241294040668
-0.007994889817975 0.010028349912349
-0.007153767596601 0.007502174933357
-0.006533956885317 0.008360239696845
-0.007585411461307 0.006973349202726
-0.020684101322168 0.007198575470195
-0.005993430655996 0.007747209310871
-0.006758892634210 0.006837266147206
-0.005149909628045 0.005937786993018
-0.006006653494844 0.005326524818319
-0.005339952357222 0.005078248472436
-0.005253168666867 0.004433273878583
